5.3569839e-23
5.376250600000001e-23
5.4175942e-23
5.4620687e-23
5.5073274e-23
5.553346500000001e-23
5.600143199999999e-23
5.6477351e-23
5.6961527e-23
5.7454109e-23
5.7955307e-23
5.8465629e-23
5.8985774e-23
5.9550688e-23
6.126447699999999e-23
6.630985200000001e-23
7.4715688e-23
8.5269665e-23
9.8334355e-23
1.144517e-22
1.3419173999999998e-22
1.5824483000000002e-22
1.8080988e-22
1.8292787e-22
1.6541019000000002e-22
1.4550723999999998e-22
1.2793796e-22
1.1341318e-22
1.0205011e-22
9.338492300000001e-23
8.663781999999999e-23
8.1780595e-23
7.971036700000001e-23
8.044336e-23
8.3198366e-23
8.8043623e-23
9.4909416e-23
1.0251698e-22
1.0976408000000001e-22
1.1763403000000002e-22
1.2897104e-22
1.442287e-22
1.6089425e-22
1.7830538000000002e-22
1.9642693e-22
2.152218e-22
2.3465216e-22
2.5467424000000003e-22
2.7523552000000004e-22
2.9615708999999994e-22
3.1742111e-22
3.3894636999999997e-22
3.6066246000000004e-22
3.8254989e-22
4.0462487999999993e-22
4.269083299999999e-22
4.4940845e-22
4.721247400000001e-22
4.9504925e-22
5.1816935e-22
5.4138722e-22
5.6471136e-22
5.881796500000001e-22
6.1176413e-22
6.3541324e-22
6.590212700000001e-22
6.8236435999999995e-22
7.0508148e-22
7.2682616e-22
7.475247500000001e-22
7.6741617e-22
7.868174500000001e-22
8.059456500000001e-22
8.2491211e-22
8.4376875e-22
