2.0398642999999998e-26
9.628974499999999e-26
1.4733318999999998e-25
1.9439490999999999e-25
2.5648581999999997e-25
3.386719e-25
4.4768819e-25
5.9255843e-25
7.8542722e-25
1.0426785e-24
1.3864693000000001e-24
1.8468433999999996e-24
2.4646326000000002e-24
3.2972300000000002e-24
4.494724800000001e-24
6.3937029999999985e-24
9.3198145e-24
1.3575689000000002e-23
1.9736678000000003e-23
2.8632407000000003e-23
4.1435634e-23
5.9836567e-23
8.4896372e-23
1.1420889000000001e-22
1.4688061e-22
1.8735855000000001e-22
2.395174e-22
3.0749956e-22
3.9669675e-22
5.1393626e-22
6.6617508e-22
8.632715199999999e-22
1.1248559e-21
1.4737644e-21
1.9266319e-21
2.4931733e-21
3.1103058e-21
3.7114202e-21
4.2818916e-21
4.8560753999999995e-21
5.5252203e-21
6.2979214000000004e-21
7.0900062e-21
7.881441700000001e-21
8.671518e-21
9.4591364e-21
1.0243396999999999e-20
1.1023431999999998e-20
1.1798330000000001e-20
1.2562399e-20
1.3317629999999998e-20
1.4063495000000002e-20
1.4799306e-20
1.5525267e-20
1.6242112e-20
1.6950557e-20
1.7651049e-20
1.8343856999999997e-20
1.9029111e-20
1.9706863999999998e-20
2.0373947e-20
2.1031316000000002e-20
2.1681057999999997e-20
2.2323012e-20
2.2956722999999996e-20
2.3581072999999996e-20
2.4193523999999996e-20
2.4789977000000002e-20
2.5366701000000002e-20
2.5923388e-20
2.646344e-20
2.6991021999999997e-20
2.7508964e-20
2.8018762999999996e-20
2.8521176000000003e-20
