2.8442507999999997e-26
1.3388293e-25
2.0027357e-25
2.6346442e-25
3.4665634e-25
4.565039199999999e-25
6.018576599999999e-25
7.945540899999999e-25
1.0504933999999998e-24
1.3910872999999999e-24
1.8452422e-24
2.4520897000000002e-24
3.2647326e-24
4.3575015e-24
5.9159454000000005e-24
8.343697800000001e-24
1.2025172e-23
1.7319883e-23
2.4904254000000002e-23
3.5743607e-23
5.1190262e-23
7.318341e-23
1.0302569000000001e-22
1.3844607e-22
1.7896436e-22
2.2989817e-22
2.9613907999999996e-22
3.8312976999999997e-22
4.979315e-22
6.496780599999999e-22
8.4818881e-22
1.1071278e-21
1.4516060000000001e-21
1.9111774e-21
2.510415e-21
3.2640354999999998e-21
4.083781399999999e-21
4.8790429e-21
5.6355143e-21
6.3914878e-21
7.2460151e-21
8.2071608e-21
9.1825612e-21
1.0151808e-20
1.1115034e-20
1.2071455999999999e-20
1.3020443000000002e-20
1.3961359e-20
1.4893493e-20
1.5810159e-20
1.6714441000000002e-20
1.760619e-20
1.8484886e-20
1.935088e-20
2.0205028000000004e-20
2.1048147000000002e-20
2.1880769000000002e-20
2.2703245e-20
2.3515777000000002e-20
2.4318486e-20
2.5107522999999995e-20
2.5884135000000002e-20
2.6650964e-20
2.7407914999999997e-20
2.815461e-20
2.8890037e-20
2.9611835999999997e-20
3.0316176e-20
3.0999591e-20
3.1661883e-20
3.2306359e-20
3.293703e-20
3.3556625e-20
3.4166597e-20
3.4767697e-20
