2.7892519e-24
1.2279152999999999e-23
2.1356691000000002e-23
2.7655433e-23
3.5858571e-23
4.6594273999999997e-23
6.0693783e-23
7.9268006e-23
1.0380982000000001e-22
1.3633148e-22
1.7955205e-22
2.3715437000000004e-22
3.1413702e-22
4.1732738e-22
5.569549599999999e-22
7.473515300000001e-22
1.0035299e-21
1.3456612000000001e-21
1.8026657e-21
2.4119679e-21
3.2223273e-21
4.3018385e-21
5.7479144e-21
7.7307484e-21
1.0501183e-20
1.4364061e-20
1.9741529999999998e-20
2.7213498e-20
3.7514312999999995e-20
5.1668740999999996e-20
7.100338799999999e-20
9.7114296e-20
1.3159212e-19
1.7584377e-19
2.3123192999999997e-19
2.9581383e-19
3.5612415000000005e-19
4.0441449e-19
4.431727700000001e-19
4.7368094e-19
4.965009799999999e-19
5.1310424e-19
5.25007e-19
5.3343923e-19
5.3915463e-19
5.4263586e-19
5.4427719e-19
5.4440358e-19
5.4328446e-19
5.409498599999999e-19
5.3776515e-19
5.3392362e-19
5.2955296e-19
5.2475533e-19
5.1961427e-19
5.1420073e-19
5.0857618e-19
5.0279342e-19
4.9689769e-19
4.909274500000001e-19
4.848386699999999e-19
4.786900600000001e-19
4.7255692e-19
4.6645875e-19
4.6041273e-19
4.544352199999999e-19
4.485441100000001e-19
4.4275859000000005e-19
4.3709309999999995e-19
4.3154967e-19
4.2611977000000004e-19
4.2079400000000005e-19
4.1556735e-19
4.1043837000000005e-19
4.0540713e-19
