2.2572688999999997e-26
1.083348e-25
1.6375102e-25
2.1600629e-25
2.8496247e-25
3.7622954e-25
4.9727858e-25
6.581200699999999e-25
8.7222558e-25
1.1577678e-24
1.5393211999999999e-24
2.050205e-24
2.7357014999999997e-24
3.6593544000000004e-24
4.9831235000000004e-24
7.0649065e-24
1.0249605e-23
1.4859871e-23
2.1504758e-23
3.1058609e-23
4.4752862e-23
6.4358817e-23
9.103308e-23
1.2248933000000001e-22
1.5803455000000001e-22
2.0241203999999997e-22
2.5987822e-22
3.3508573e-22
4.340897599999999e-22
5.6465438e-22
7.3494074e-22
9.564219900000001e-22
1.2510179999999999e-21
1.6444677999999999e-21
2.1570079999999998e-21
2.8007546000000002e-21
3.5021806e-21
4.1844213e-21
4.8328183e-21
5.4831556e-21
6.2297703e-21
7.0810748e-21
7.9496022e-21
8.8151762e-21
9.677435600000001e-21
1.0535418e-20
1.1388341999999998e-20
1.2235444999999999e-20
1.3075909999999999e-20
1.3903642e-20
1.4721093999999998e-20
1.55279e-20
1.6323451e-20
1.7108015e-20
1.7882378000000003e-20
1.8647302e-20
1.940327e-20
2.0150585e-20
2.0889412e-20
2.1619827999999998e-20
2.2338384999999997e-20
2.3046157000000002e-20
2.374546e-20
2.4436163e-20
2.5117838e-20
2.5789410999999998e-20
2.6448417000000002e-20
2.7090866e-20
2.7713134999999997e-20
2.8314957e-20
2.889969e-20
2.9471434e-20
3.0032972999999997e-20
3.0585785e-20
3.1130623e-20
