7.7396415e-22
7.7687158e-22
7.830882500000001e-22
7.897524200000001e-22
7.9650982e-22
8.0335623e-22
8.102938200000001e-22
8.1732512999999995e-22
8.2445512e-22
8.316871099999999e-22
8.3902636000000005e-22
8.4648384e-22
8.5407521e-22
8.6230946e-22
8.868495400000001e-22
9.5681373e-22
1.0670896000000001e-21
1.1962101e-21
1.3445203e-21
1.5136582000000001e-21
1.7045428000000002e-21
1.9191364000000003e-21
2.1072829e-21
2.1278483e-21
1.9909738e-21
1.8275505e-21
1.6769983000000001e-21
1.5494909000000002e-21
1.4512974e-21
1.3841315e-21
1.3456551e-21
1.3425437999999999e-21
1.3949079999999999e-21
1.5146419000000002e-21
1.7077211e-21
1.9903936e-21
2.3357970999999995e-21
2.6937718000000002e-21
3.0503865999999997e-21
3.4142434e-21
3.8092044e-21
4.2337433e-21
4.6597340000000006e-21
5.0820882e-21
5.5012384000000005e-21
5.9168421e-21
6.328624599999999e-21
6.7363287e-21
7.1396907e-21
7.535656699999999e-21
7.925925600000001e-21
8.3106139e-21
8.689558999999999e-21
9.0628675e-21
9.4308068e-21
9.7936387e-21
1.0151543e-20
1.0504646999999999e-20
1.0853036e-20
1.1196773e-20
1.15341e-20
1.1865615e-20
1.2192559e-20
1.2514936000000002e-20
1.2832666999999998e-20
1.3145488000000001e-20
1.3452738999999999e-20
1.3753337999999998e-20
1.4046323e-20
1.4331701e-20
1.4610503000000002e-20
1.4883948e-20
1.5152864e-20
1.5417702e-20
1.5678704e-20
