3.2721769e-25
1.4653019e-24
2.2888659e-24
2.9470986e-24
3.7969326e-24
4.8986418e-24
6.3309479000000005e-24
8.197794e-24
1.0637242e-23
1.3833292000000004e-23
1.8031954000000003e-23
2.3563223000000002e-23
3.0871068e-23
4.056717e-23
5.3965408e-23
7.359526e-23
1.0170430000000001e-22
1.4046185e-22
1.937827e-22
2.6700571999999996e-22
3.673123e-22
5.047806900000001e-22
6.8787244e-22
9.1495795e-22
1.1957014e-21
1.5633765e-21
2.0540213e-21
2.7121979000000002e-21
3.5948599e-21
4.7790790999999996e-21
6.357402900000001e-21
8.4508538e-21
1.1232194999999999e-20
1.4901115e-20
1.967414e-20
2.5646626e-20
3.1956858e-20
3.7843991e-20
4.3329652000000006e-20
4.8541376e-20
5.3706505999999995e-20
5.882287e-20
6.3668166e-20
6.8240711e-20
7.257225999999999e-20
7.667849400000001e-20
8.0573719e-20
8.4270882e-20
8.7781691e-20
9.108372099999998e-20
9.421318899999999e-20
9.718508400000001e-20
1.0000841e-19
1.0269206e-19
1.0524447e-19
1.0767333e-19
1.0998553e-19
1.1218733000000002e-19
1.1428449000000001e-19
1.1628233e-19
1.181672e-19
1.1995004e-19
1.2164771e-19
1.2326435e-19
1.2480383000000001e-19
1.2626976e-19
1.2766549e-19
1.2899421e-19
1.3025918e-19
1.3146384e-19
1.3261152e-19
1.337052e-19
1.3474748e-19
1.3574071e-19
1.3668706e-19
