2.5603024e-22
2.5678057e-22
2.5839061e-22
2.601232e-22
2.6188691000000003e-22
2.6368071000000005e-22
2.6550522e-22
2.6736107e-22
2.6924944e-22
2.7117096000000003e-22
2.7312655e-22
2.751184e-22
2.7714959e-22
2.7935658999999997e-22
2.8602870000000003e-22
3.0555383000000003e-22
3.3758687000000004e-22
3.7690872e-22
4.242508400000001e-22
4.807875099999999e-22
5.475578900000001e-22
6.2595456e-22
6.9711923e-22
7.0403811e-22
6.4980076e-22
5.8653339e-22
5.291323e-22
4.804741e-22
4.4157732e-22
4.1152181999999997e-22
3.8793371000000007e-22
3.7103250000000006e-22
3.6466791000000003e-22
3.6948699e-22
3.8308308e-22
4.0655129e-22
4.401881500000001e-22
4.7857412e-22
5.1686932e-22
5.5925449e-22
6.1800703e-22
6.941594299999999e-22
7.758351299999999e-22
8.598708300000001e-22
9.4593966e-22
1.0337412999999998e-21
1.1230159e-21
1.2135148e-21
1.3049857e-21
1.3966278e-21
1.4884628e-21
1.5802392000000001e-21
1.6717360000000001e-21
1.7629085e-21
1.8538268e-21
1.9445699e-21
2.0351723e-21
2.125639e-21
2.215952e-21
2.3060796e-21
2.3956138e-21
2.4846262000000003e-21
2.5733213999999998e-21
2.6616289e-21
2.7494136e-21
2.8363937e-21
2.9219683e-21
3.0051779999999997e-21
3.0851305999999996e-21
3.1616951e-21
3.2355814e-21
3.3076872e-21
3.3786201e-21
3.4486929000000005e-21
3.5180545000000005e-21
