3.2201376e-26
1.5787521e-25
2.3445153e-25
3.0825223999999996e-25
4.0533745e-25
5.33438e-25
7.0282434e-25
9.272220599999999e-25
1.2250558e-24
1.6211189e-24
2.1488572e-24
2.8535103999999996e-24
3.7964189e-24
5.0632439e-24
6.8625259e-24
9.641003100000001e-24
1.3822536e-23
1.9806471999999997e-23
2.8338564e-23
4.0478232e-23
5.770403199999999e-23
8.213199799999999e-23
1.152259e-22
1.5473865000000002e-22
2.0040050000000002e-22
2.5811392e-22
3.3342646e-22
4.3260439e-22
5.6376470999999995e-22
7.3749922e-22
9.6546091e-22
1.2638387e-21
1.6614612000000002e-21
2.1926565999999996e-21
2.8883624e-21
3.7686331e-21
4.729217e-21
5.6623655e-21
6.5538989e-21
7.4431324e-21
8.4307081e-21
9.5237009e-21
1.062675e-20
1.1719778e-20
1.2803414e-20
1.3877002e-20
1.4940035e-20
1.5992e-20
1.7032313999999997e-20
1.8053612e-20
1.9059769999999998e-20
2.0050941000000002e-20
2.1026749e-20
2.1987649e-20
2.2934567999999998e-20
2.3868386000000002e-20
2.4789700000000002e-20
2.5698922000000005e-20
2.6596322000000002e-20
2.7482082999999997e-20
2.8351909e-20
2.9207263999999996e-20
3.0051192999999996e-20
3.0883666e-20
3.1704390999999996e-20
3.2512482999999996e-20
3.3305809e-20
3.4080874999999996e-20
3.4834544000000004e-20
3.5566716000000003e-20
3.6280529e-20
3.6979757e-20
3.7666970999999997e-20
3.8343553999999995e-20
3.901023200000001e-20
