1.5489775000000001e-22
1.5534878999999998e-22
1.5631752e-22
1.5736071000000003e-22
1.5842335999999998e-22
1.5950489e-22
1.6060564e-22
1.6172596000000002e-22
1.628665e-22
1.6402751999999999e-22
1.6520941000000002e-22
1.6641321000000002e-22
1.6764039e-22
1.6897329e-22
1.7302361000000003e-22
1.8496326e-22
2.0478006000000002e-22
2.2945537e-22
2.5961532e-22
2.9620154e-22
3.4011265e-22
3.9248097e-22
4.406045299999999e-22
4.449675900000001e-22
4.0752265000000005e-22
3.6428358e-22
3.2535052e-22
2.9247161e-22
2.6609376e-22
2.4534993999999996e-22
2.2849149000000003e-22
2.1539917000000005e-22
2.0806608e-22
2.0638123000000002e-22
2.0835408000000003e-22
2.1423167e-22
2.2508008e-22
2.3873592999999997e-22
2.5245056000000003e-22
2.6849597999999997e-22
2.9357652999999997e-22
3.2839661e-22
3.6661768999999998e-22
4.0650831000000003e-22
4.4788482e-22
4.905878000000001e-22
5.3447544000000005e-22
5.794079400000001e-22
6.2523909e-22
6.7154994e-22
7.1830313e-22
7.653282299999999e-22
8.1248121e-22
8.5972549e-22
9.0709647e-22
9.5463711e-22
1.0023639e-21
1.0502759000000002e-21
1.0983575e-21
1.1465847000000002e-21
1.1947460000000001e-21
1.2428667e-21
1.2910381000000002e-21
1.3392096e-21
1.3872885000000002e-21
1.4350835e-21
1.4821908000000001e-21
1.5279634000000002e-21
1.5717919999999998e-21
1.6135691e-21
1.6537498e-21
1.6929213e-21
1.7314825e-21
1.7696377e-21
1.8074829e-21
