4.613572599999999e-22
4.6282875e-22
4.6598171e-22
4.6936975e-22
4.7281355e-22
4.7631106e-22
4.7986345e-22
4.8347201e-22
4.871392099999999e-22
4.908665400000001e-22
4.946563400000001e-22
4.9851366e-22
5.0244567e-22
5.0671661e-22
5.1954533e-22
5.5667722000000005e-22
6.165691000000001e-22
6.88603e-22
7.735468900000001e-22
8.729073800000002e-22
9.878463e-22
1.1201356e-21
1.2383649e-21
1.250791e-21
1.1630576000000001e-21
1.059518e-21
9.648751400000001e-22
8.846081900000001e-22
8.213563799999999e-22
7.746385799999999e-22
7.4136888e-22
7.232659099999999e-22
7.291938900000001e-22
7.6258222e-22
8.216975400000001e-22
9.1101934e-22
1.0254372e-21
1.1481993000000001e-21
1.2703541e-21
1.399423e-21
1.5568216000000002e-21
1.7432003e-21
1.9366397999999998e-21
2.1318482e-21
2.3284909e-21
2.5261299e-21
2.7243993999999997e-21
2.9229564999999997e-21
3.1214562999999996e-21
3.3182926e-21
3.5138880000000004e-21
3.7079987e-21
3.9003577e-21
4.0909621e-21
4.2799725e-21
4.4675528999999995e-21
4.6537937e-21
4.8387379e-21
5.0223908e-21
5.2047362999999995e-21
5.3849097e-21
5.5631347e-21
5.7399345999999994e-21
5.9152354999999994e-21
6.0888749e-21
6.2604901e-21
6.429286600000001e-21
6.593993199999999e-21
6.7534481999999995e-21
6.907534500000001e-21
7.0572668e-21
7.2038942e-21
7.3482594e-21
7.4907996e-21
7.6317273e-21
