5.873223e-26
2.2488465999999997e-25
2.965204e-25
3.9128528e-25
5.1672709e-25
6.830571399999999e-25
9.040005899999999e-25
1.1980063e-24
1.5899509e-24
2.1134383e-24
2.8139408000000004e-24
3.7531097e-24
5.0146837e-24
6.714860400000001e-24
9.1010362e-24
1.2662926999999998e-23
1.7873984e-23
2.5212765000000003e-23
3.5521872999999997e-23
4.9975319e-23
7.0187688e-23
9.845335199999999e-23
1.3666808999999997e-22
1.8393486000000003e-22
2.4165569e-22
3.1700341000000003e-22
4.1754237999999996e-22
5.524292799999999e-22
7.334772000000001e-22
9.7670728e-22
1.3013842e-21
1.7337962e-21
2.3154034e-21
3.0972503000000004e-21
4.133958e-21
5.460554e-21
6.906509999999999e-21
8.3016646e-21
9.636046e-21
1.0950261999999998e-20
1.2342833000000001e-20
1.3819775e-20
1.5286093999999997e-20
1.6726139e-20
1.8143168000000003e-20
1.9537642e-20
2.0910009e-20
2.2260592e-20
2.3589563e-20
2.4887813999999998e-20
2.6161928e-20
2.7413186000000004e-20
2.8641759e-20
2.9848453999999994e-20
3.1034402999999997e-20
3.2200657e-20
3.3347992999999997e-20
3.4477017e-20
3.5588199999999995e-20
3.6681925000000006e-20
3.7752597999999994e-20
3.8802342000000006e-20
3.9835374e-20
4.085187399999999e-20
4.1851822e-20
4.283475599999999e-20
4.379929799999999e-20
4.474309099999999e-20
4.5664062999999996e-20
4.6562367e-20
4.7440495000000004e-20
4.8301365999999995e-20
4.914699400000001e-20
4.9978517e-20
5.0796587e-20
