3.3352710999999996e-22
3.3453844e-22
3.3670746e-22
3.3904053999999992e-22
3.4141442e-22
3.4382772e-22
3.4628126000000006e-22
3.4877592000000007e-22
3.5131332000000006e-22
3.5389441e-22
3.5652058e-22
3.5919502e-22
3.6192221e-22
3.6488546000000003e-22
3.7382232999999996e-22
3.9987379000000003e-22
4.423577599999999e-22
4.9412028e-22
5.559556500000001e-22
6.2921649e-22
7.1504540999999995e-22
8.1503237e-22
9.0524212e-22
9.143241900000001e-22
8.463494900000001e-22
7.666994e-22
6.9425897e-22
6.329137400000001e-22
5.842766e-22
5.4753457e-22
5.199796700000001e-22
5.023442400000001e-22
5.0032387e-22
5.1557417e-22
5.4588332e-22
5.935602299999999e-22
6.5701256e-22
7.2668736e-22
7.960250000000001e-22
8.707214899999999e-22
9.674390400000001e-22
1.0873382e-21
1.2140054e-21
1.3431906e-21
1.4744915000000002e-21
1.6075053999999998e-21
1.7418897999999997e-21
1.8773225e-21
2.013481e-21
2.1492146e-21
2.2846631e-21
2.4195436000000002e-21
2.5535936000000003e-21
2.6867758e-21
2.8191967000000002e-21
2.9509713000000002e-21
3.082156e-21
3.2127693000000003e-21
3.3427993999999998e-21
3.4722172000000005e-21
3.6004272e-21
3.7275581999999995e-21
3.8539391000000004e-21
3.9794924e-21
4.1040619e-21
4.2273126e-21
4.3485229e-21
4.4665397e-21
4.5802991e-21
4.689667000000001e-21
4.7955265000000005e-21
4.8989805e-21
5.0007746e-21
5.1012938000000004e-21
5.2007235e-21
