3.9736736e-18
3.9736665e-18
3.9736147e-18
3.973557100000001e-18
3.9734998000000004e-18
3.9734459e-18
3.9733998e-18
3.9733675000000004e-18
3.9733575e-18
3.9733817000000006e-18
3.9734566e-18
3.9736047e-18
3.9738576e-18
3.9742475e-18
3.974431e-18
3.9734196e-18
3.9662958999999995e-18
3.9561263e-18
3.9447462e-18
3.931043e-18
3.912686e-18
3.8931298e-18
3.8778368e-18
3.8818427000000005e-18
3.9056269e-18
3.9368043999999994e-18
3.9713688999999996e-18
4.0068893e-18
4.0350679e-18
4.0517603e-18
4.0465273e-18
4.0044904e-18
3.9076479e-18
3.741332700000001e-18
3.502848e-18
3.1960149999999998e-18
2.8813247e-18
2.6067725e-18
2.3690856e-18
2.1640203999999998e-18
1.988405e-18
1.8378301e-18
1.7057684e-18
1.5897928000000003e-18
1.4877088e-18
1.3973258999999999e-18
1.3168623e-18
1.2448591e-18
1.1801157e-18
1.1212317e-18
1.0677778000000001e-18
1.0191263000000001e-18
9.7468358e-19
9.3394785e-19
8.964918e-19
8.619494699999999e-19
8.300058399999999e-19
8.0038839e-19
7.728604799999999e-19
7.4721575e-19
7.2315949e-19
7.005853e-19
6.794312199999999e-19
6.5957174e-19
6.4089569e-19
6.2330447e-19
6.067109999999999e-19
5.910381400000001e-19
5.762165e-19
5.621816999999999e-19
5.488735500000001e-19
5.362372299999999e-19
5.2422366e-19
5.1278892e-19
5.018933699999999e-19
