3.7894037e-20
3.8052872000000007e-20
3.8389624e-20
3.8748906e-20
3.9111595000000005e-20
3.9477595e-20
3.9847221e-20
4.0220905e-20
4.0599335000000003e-20
4.0983297999999995e-20
4.1373948e-20
4.1773097000000005e-20
4.2183309000000003e-20
4.2632882000000006e-20
4.3909652000000004e-20
4.7378191e-20
5.254800499999999e-20
5.825322900000002e-20
6.4443604e-20
7.1127045e-20
7.8280563e-20
8.5951451e-20
9.257894900000001e-20
9.412090699999999e-20
9.109258e-20
8.752817000000001e-20
8.485316199999999e-20
8.3727257e-20
8.4796971e-20
8.873571200000001e-20
9.6209366e-20
1.0844481e-19
1.2736356e-19
1.5449268e-19
1.9098543e-19
2.3618787e-19
2.8052926e-19
3.1687872e-19
3.4597448999999997e-19
3.6872424e-19
3.8586903e-19
3.9844360999999995e-19
4.0724912000000004e-19
4.1321652000000004e-19
4.1699601e-19
4.1901556999999997e-19
4.1961947000000003e-19
4.1908563000000003e-19
4.1763909999999996e-19
4.1531277e-19
4.1239096000000005e-19
4.0902237e-19
4.0530506999999997e-19
4.0131858e-19
3.9712808e-19
3.9278753000000003e-19
3.8834181e-19
3.8382813e-19
3.7927722e-19
3.7471441999999995e-19
3.7010215000000004e-19
3.6548129e-19
3.6090548e-19
3.5638568000000003e-19
3.5193075e-19
3.4754789e-19
3.4324312e-19
3.3902127000000003e-19
3.3488546e-19
3.3083668e-19
3.2687454999999996e-19
3.2299851e-19
3.1920824e-19
3.1550348e-19
3.1188383e-19
