1.5382937000000002e-23
1.548571e-23
1.5700838e-23
1.5933556999999999e-23
1.6172279e-23
1.6417519999999998e-23
1.6670265000000002e-23
1.6931860000000003e-23
1.7204223e-23
1.7489900999999998e-23
1.7792473999999998e-23
1.811708e-23
1.8470934e-23
1.8882037000000003e-23
1.9947569e-23
2.2867982000000002e-23
2.7775170000000005e-23
3.4120413000000004e-23
4.2227473e-23
5.258622800000001e-23
6.578869399999999e-23
8.2586273e-23
9.9807839e-23
1.0569718e-22
1.0078600000000001e-22
9.6437184e-23
9.630661899999999e-23
1.0178771999999999e-22
1.1429302e-22
1.3542923e-22
1.6717383e-22
2.1297163e-22
2.7881972e-22
3.7183696000000005e-22
5.0002033e-22
6.703733599999999e-22
8.627285399999999e-22
1.0537009000000001e-21
1.2408095999999999e-21
1.4286793e-21
1.6306158000000002e-21
1.8493857000000002e-21
2.0726693e-21
2.2976589e-21
2.5242468e-21
2.7520226e-21
2.9806206e-21
3.2096924e-21
3.4388908999999996e-21
3.6665038e-21
3.8930866000000004e-21
4.1184523e-21
4.3423172e-21
4.5645938999999995e-21
4.7853269e-21
5.004578000000001e-21
5.2223667999999996e-21
5.4386863e-21
5.653508e-21
5.8667918e-21
6.0775436e-21
6.2860001e-21
6.4927471e-21
6.697713800000001e-21
6.900762200000001e-21
7.101599100000001e-21
7.2995926e-21
7.493731200000001e-21
7.683076699999999e-21
7.8675038e-21
8.0477839e-21
8.2248879e-21
8.399478499999999e-21
8.5719038e-21
8.7423376e-21
