2.5465056000000003e-21
2.5474347e-21
2.5493805000000002e-21
2.5514523e-21
2.5535412000000004e-21
2.5556486e-21
2.5577791000000004e-21
2.5599387000000004e-21
2.5621366e-21
2.5643844e-21
2.5666986e-21
2.5691034e-21
2.5716323000000004e-21
2.5744683e-21
2.5819521e-21
2.6012683e-21
2.6265277e-21
2.652849e-21
2.6811005e-21
2.7107636000000005e-21
2.7404382e-21
2.7725193e-21
2.8012912e-21
2.8120095999999996e-21
2.807837e-21
2.8048215e-21
2.8085164e-21
2.820668e-21
2.8390457999999995e-21
2.8633639999999997e-21
2.8887635e-21
2.9100225e-21
2.9237695e-21
2.9276905000000002e-21
2.9261024000000002e-21
2.9227887e-21
2.9211509000000002e-21
2.9210949999999998e-21
2.9211394e-21
2.9222255e-21
2.9268577e-21
2.9347752e-21
2.9411478e-21
2.9468562000000002e-21
2.9526445e-21
2.9584693000000004e-21
2.9643e-21
2.9701116000000002e-21
2.9758818e-21
2.9805079e-21
2.9849104000000003e-21
2.9892548e-21
2.9935230000000002e-21
2.9977150000000003e-21
3.001842e-21
3.0059160999999998e-21
3.0099448000000004e-21
3.0139324e-21
3.017881e-21
3.0217910000000002e-21
3.0251859e-21
3.0282438e-21
3.0312856999999998e-21
3.0343074e-21
3.0372997000000002e-21
3.0402426999999998e-21
3.0430938000000003e-21
3.0457845000000003e-21
3.0482521000000004e-21
3.0504901e-21
3.0525522e-21
3.0545052000000003e-21
3.0563937999999996e-21
3.0582413000000003e-21
3.0600586000000003e-21
