1.6113617000000002e-24
3.4689102e-23
2.1519452999999996e-21
2.6554463e-21
3.2501193000000002e-21
3.9766362e-21
4.8738548e-21
5.988407199999999e-21
7.3788188e-21
9.1196181e-21
1.1306416999999999e-20
1.4062495e-20
1.7547412e-20
2.1970958999999997e-20
2.769198e-20
3.5240513e-20
4.498496599999999e-20
5.734929499999999e-20
7.303958500000001e-20
9.291461099999999e-20
1.1802182e-19
1.4980909e-19
1.9025377e-19
2.4301735999999995e-19
3.1317472e-19
4.0588194999999996e-19
5.2750382999999995e-19
6.8541474e-19
8.8597877e-19
1.1344442e-18
1.4295561999999999e-18
1.7569036e-18
2.081653e-18
2.3490541e-18
2.4985467999999996e-18
2.4826429e-18
2.3389091e-18
2.1589478999999998e-18
1.9795105e-18
1.8165565e-18
1.678749e-18
1.5627363000000002e-18
1.459505e-18
1.3673242000000001e-18
1.2851702e-18
1.2117343000000001e-18
1.1458582e-18
1.0865378e-18
1.0329124e-18
9.838901800000002e-19
9.391916199999999e-19
8.9834352e-19
8.608908e-19
8.2645076e-19
7.946964399999999e-19
7.653435400000001e-19
7.3814284e-19
7.1287592e-19
6.8935125e-19
6.674006700000001e-19
6.467743299999999e-19
6.273883e-19
6.0919677e-19
5.9209546e-19
5.7599091e-19
5.6079843e-19
5.4643964e-19
5.3284187e-19
5.1994164e-19
5.0768854e-19
4.960429000000001e-19
4.8496898e-19
4.7443132e-19
4.6439519e-19
4.548277100000001e-19
