1.9362541999999999e-25
7.331984099999999e-25
1.1971782999999999e-24
1.5464806000000002e-24
1.9983873999999997e-24
2.585618e-24
3.3508722e-24
4.3505871000000004e-24
5.659806099999999e-24
7.378637099999999e-24
9.6410339e-24
1.2626800999999998e-23
1.6577969000000002e-23
2.1828454e-23
2.9110288e-23
3.985863e-23
5.536133100000001e-23
7.685082800000001e-23
1.0656688999999998e-22
1.4758301000000002e-22
2.040549e-22
2.8182591e-22
3.8555733e-22
5.1301889e-22
6.6838398e-22
8.702940500000001e-22
1.1383071999999999e-21
1.4961678e-21
1.9742055e-21
2.6131729999999996e-21
3.4612175e-21
4.581703999999999e-21
6.0682494e-21
8.0301041e-21
1.0585938000000001e-20
1.3800171999999998e-20
1.7231073e-20
2.0471307e-20
2.3523897999999998e-20
2.6462620999999998e-20
2.9435893e-20
3.2448547e-20
3.5355133999999994e-20
3.8144542999999995e-20
4.083009e-20
4.3416848e-20
4.5909433e-20
4.8311956e-20
5.0628062000000003e-20
5.284174400000001e-20
5.4970873e-20
5.702146299999999e-20
5.8996528e-20
6.089958399999999e-20
6.273431299999999e-20
6.4504123e-20
6.6211989e-20
6.786058099999998e-20
6.9452316e-20
7.098943e-20
7.2462612e-20
7.387756900000001e-20
7.5243804e-20
7.6563056e-20
7.7836822e-20
7.906618e-20
8.0251414e-20
8.139201e-20
8.248770200000001e-20
8.353999900000001e-20
8.4552181e-20
8.552773099999999e-20
8.646930699999998e-20
8.7378794e-20
8.8257645e-20
