1.976304e-24
1.1863124000000001e-23
2.6344616e-23
3.3578340000000003e-23
4.2788801e-23
5.461620600000001e-23
6.9865133e-23
8.9585949e-23
1.151627e-22
1.4842655e-22
1.9180831e-22
2.4854492e-22
3.2295846e-22
4.2096164000000003e-22
5.5535357999999995e-22
7.504426e-22
1.0262425e-21
1.4011395e-21
1.909188e-21
2.5957984e-21
3.5205654e-21
4.765874e-21
6.405877599999999e-21
8.4618831e-21
1.1041201000000001e-20
1.4403244e-20
1.8827227999999998e-20
2.4643578999999996e-20
3.2240185000000003e-20
4.2096345999999994e-20
5.4663722e-20
7.0372132e-20
8.973244800000001e-20
1.1291903e-19
1.3931973000000002e-19
1.6703148999999998e-19
1.9119001e-19
2.0983923999999998e-19
2.2390845000000004e-19
2.3519483e-19
2.4621657e-19
2.570315e-19
2.6590376e-19
2.7288527e-19
2.783357e-19
2.8250871999999996e-19
2.8561398e-19
2.8782416e-19
2.8928153e-19
2.8999727e-19
2.9015852e-19
2.8986488e-19
2.8918891e-19
2.8819791e-19
2.8695173999999997e-19
2.8550033000000003e-19
2.8388386e-19
2.8213509000000003e-19
2.8028089000000003e-19
2.7834356e-19
2.7629835e-19
2.7417836e-19
2.7202638e-19
2.6985283e-19
2.6766535e-19
2.6546791e-19
2.6325876e-19
2.6103097000000003e-19
2.5877987e-19
2.5651247e-19
2.5424624e-19
2.5199848999999997e-19
2.4978021e-19
2.475971e-19
2.4545195000000003e-19
