1.98683760568085e-18
1.986850594551e-18
1.98788332265e-18
1.9881062731500002e-18
1.98837495965e-18
1.9887112681e-18
1.9891368274e-18
1.9896779536000003e-18
1.9903681593999998e-18
1.9912506590500004e-18
1.9923815085e-18
1.9938335975e-18
1.995702506e-18
1.9981092295e-18
2.0010614899999997e-18
2.0043300565e-18
2.0056404329999997e-18
2.0067377975e-18
2.0088928925e-18
2.0119788055e-18
2.01535391e-18
2.0214694449999997e-18
2.034045285e-18
2.0624300300000003e-18
2.10940081e-18
2.1713431749999995e-18
2.2494363649999996e-18
2.34615202e-18
2.460523335e-18
2.59310225e-18
2.7380417499999996e-18
2.8806970000000003e-18
2.99465045e-18
3.0451934000000002e-18
3.0006973999999998e-18
2.83932895e-18
2.6101169000000002e-18
2.3828601999999998e-18
2.17429805e-18
1.99028845e-18
1.833577e-18
1.7002832e-18
1.5826367e-18
1.4785585000000002e-18
1.3864395e-18
1.3045300999999999e-18
1.23136025e-18
1.16569845e-18
1.10651405e-18
1.0525609400000002e-18
1.0034847099999999e-18
9.5873491e-19
9.1778719e-19
8.801993049999999e-19
8.4559412e-19
8.13646505e-19
7.840743399999999e-19
7.56632155e-19
7.311058649999999e-19
7.0730821e-19
6.8496691e-19
6.639868e-19
6.44313995e-19
6.258336e-19
6.084433e-19
5.9205145e-19
5.7657532e-19
5.61940005e-19
5.4807907e-19
5.3493512e-19
5.224582250000001e-19
5.10603105e-19
4.9932749e-19
4.885920550000001e-19
4.7836054e-19
