1.8948006652000002e-20
1.9032367562000002e-20
1.9207984307999998e-20
1.939124217e-20
1.9577191900500004e-20
1.9766105603e-20
1.99585430665e-20
2.01552454745e-20
2.035724885e-20
2.0565862274999997e-20
2.0782878155e-20
2.101082096e-20
2.1253133730000002e-20
2.1526921820000002e-20
2.223250279e-20
2.40643168e-20
2.6787123749999997e-20
2.982718425000001e-20
3.3176396e-20
3.68614217e-20
4.0900564200000005e-20
4.53586625e-20
4.9492413300000004e-20
5.1291395049999995e-20
5.10668905e-20
5.0965707000000005e-20
5.1840194999999993e-20
5.4185418e-20
5.8518578e-20
6.5416029e-20
7.543654399999999e-20
8.9408471e-20
1.08548004e-19
1.3370585500000001e-19
1.6515258000000001e-19
2.0160967999999998e-19
2.35859635e-19
2.6335898e-19
2.8494147000000003e-19
3.01959535e-19
3.1604280000000003e-19
3.2773755499999994e-19
3.3657644e-19
3.43050895e-19
3.47665855e-19
3.5076214499999996e-19
3.52616725e-19
3.5345489500000003e-19
3.53460315e-19
3.5265502000000004e-19
3.5127474000000003e-19
3.4944362500000003e-19
3.4724698999999996e-19
3.44758245e-19
3.4203990999999997e-19
3.3914393e-19
3.3611283500000003e-19
3.3298161e-19
3.29779055e-19
3.2652898999999997e-19
3.2320025e-19
3.1982982499999997e-19
3.1646592999999997e-19
3.1311925500000003e-19
3.0979805e-19
3.065079e-19
3.0325094e-19
3.0002612000000005e-19
2.96832665e-19
2.9367457499999998e-19
2.9056039499999997e-19
2.8749849999999997e-19
2.84494225e-19
2.8155028999999996e-19
2.7866789e-19
