9.0828626271e-22
9.10390999205e-22
9.1448433915e-22
9.188243903e-22
9.233080437e-22
9.279572590000001e-22
9.328060361e-22
9.378998435499999e-22
9.4330095305e-22
9.4909191855e-22
9.5538521695e-22
9.623369005e-22
9.701605344999998e-22
9.79465427e-22
1.0009176439999999e-21
1.0551807150000002e-21
1.1417675155e-21
1.2493937640000002e-21
1.3814221449999999e-21
1.5426063049999999e-21
1.7380688999999997e-21
1.975504305e-21
2.217004715e-21
2.338016695e-21
2.35276264e-21
2.393608875e-21
2.5134884e-21
2.7445184000000003e-21
3.12228875e-21
3.69186035e-21
4.5081167e-21
5.6531180999999995e-21
7.24987615e-21
9.442001549999999e-21
1.2405798000000002e-20
1.6270125e-20
2.0504684500000002e-20
2.4567781e-20
2.8454604e-20
3.22027115e-20
3.58793625e-20
3.94833505e-20
4.2928293e-20
4.62220115e-20
4.9380649000000004e-20
5.2409737500000003e-20
5.53146885e-20
5.810070800000001e-20
6.077276349999999e-20
6.331265300000001e-20
6.57431955e-20
6.80728875e-20
7.03061905e-20
7.2447571e-20
7.450138449999999e-20
7.647173850000001e-20
7.83624525e-20
8.017711699999999e-20
8.19191125e-20
8.3591643e-20
8.5184321e-20
8.6704465e-20
8.8163822e-20
8.9565043e-20
9.0910651e-20
9.220302499999999e-20
9.3444387e-20
9.463684e-20
9.5782456e-20
9.688332950000001e-20
9.794155049999999e-20
9.89590605e-20
9.993763349999999e-20
1.00878907e-19
1.017844375e-19
